0.00 670
0.00 723
0.04 901
0.12 1099
0.16 1276
0.13 1454
0.13 1631
0.17 1809
0.22 1987
0.18 2164
0.18 2343
0.23 2521
0.24 2699
0.18 2877
0.19 3054
0.19 3252
0.21 3429
0.22 3607
0.34 3784
0.34 3962
0.35 4141
0.36 4318
0.37 4497
0.42 4674
0.42 4852
0.43 5030
0.48 5209
0.49 5387
0.49 5565
0.53 5744
0.54 5922
0.59 6099
0.60 6298
0.60 6475
0.64 6653
0.69 6832
0.73 7009
0.73 7187
0.77 7365
0.82 7543
0.86 7721
0.90 7900
0.90 8078
0.95 8256
0.99 8434
1.14 8612
1.14 8794
1.22 9117
1.27 9317
1.34 9495
1.34 9674
1.35 9852
1.43 10032
1.47 10210
1.47 10389
1.48 10569
1.53 10748
1.57 10927
1.48 11106
1.48 11285
1.52 11464
1.46 11643
1.40 11824
1.40 12003
1.34 12182
1.38 12381
1.32 12559
1.36 12738
1.36 12916
1.41 13095
1.45 13275
1.50 13454
1.54 13634
1.54 13813
1.58 13992
1.55 14172
1.60 14351
1.60 14530
1.64 14708
1.58 14888
1.55 15084
1.49 15262
1.49 15462
1.43 15641
1.39 15820
